TILEMAP
32 24							-- Size of tile map in tiles
20 16							-- Tile size & block size
images/blocks.png	-- Tilesheet
2 2
11111111111111111111111111111111
11111111111111111111111111111111
11111111111111111111111111111111
11111111111111111111111111111111
11111111111111111111111111111111
11111111111111111111111111111111
11111111111111111111111111111111
11111111111111111111111111111111
11111111111111111111111111111111
11111111111111111111111111111111
11111111111111111111111111111111
11111111111111111111111111111111
11111111111111111111111111111111
11111111111111111111111111111111
3  11111111111111111  11  111111
3  1        1111          111111
3               1111111    11111
3               1111111   111111
3               1111111   111111
3                         111111
3          1                1111
3         1111               111
111111111111111111111         11
11111111111111111111112222222211