TILEMAP
32 24							-- Size of tile map in tiles
20 16							-- Tile size & block size
images/blocks.png	-- Tilesheet
2 2
11111111111111111111111111111111
11111111111111111111111111111111
11111111111111111111111111111111
11111111111111111111111111111111
2                              5
2                              5
2                              5
2                              5
2                              5
2                              5
11          111111          1111
11          111111          1111
11          111111          1111
11          111111          1111
11  111111  111111  111111  1111
11  111111  111111  111111  1111
2   111111          111111     5
2   111111          111111     5
2   111111          111111     5
2   111111          111111     5
2                              5
2                              5
2                              5
11111111111111111111111111111111