TILEMAP
32 24							-- Size of tile map in tiles
20 16							-- Tile size & block size
images/blocks.png	-- Tilesheet
2 2
11111111111111111111111111111111
11111111111111111111111111111111
11111111111111111111111111111111
11111111111111111111111111111111
1                              2
1                              2
1                              2
1                              2
1   1111    1111    11111111   2
1   1111    1111    11111111   2
1   1111    1111    11111111   2
1   1111    1111    11111111   2
1   1111    1111    11111111   2
1   1111    1111    11111111   2
1   1111    1111    11111111   2
1   1111    1111    11111111   2
1                              2
1                              2
1                              2
1                              2
1111      1111111111      111111
1111      1111111111      111111
1111      1111111111      111111
11112222221111111111222222111111