TILEMAP
32 24							-- Size of tile map in tiles
20 16							-- Tile size & block size
images/blocks.png	-- Tilesheet
2 2
11111122221111111111112222111111
111111    111111111111    111111
111111    111111111111    111111
1                              2
1                              2
1                              2
1                              2
1                              2
1                              2
1   111111  111111  111111  1111
1   111111  111111  111111  1111
1   111111  111111  111111  1111
1   111111  111111  111111  1111
1   111111  111111  111111  1111
1   111111  111111  111111  1111
1                              2
1                              2
1                              2
1                              2
1                              2
1                              2
1   111111  111111  111111     2
1   111111  111111  111111     2
11111111111111111111111111111111