TILEMAP
32 24							-- Size of tile map in tiles
20 16							-- Tile size & block size
images/blocks.png	-- Tilesheet
2 2
11111111111111111111111111111111
11111111111111111111111111111111
11111111111111111111111111111111
11111111111111111111111111111111
4                      111111111
4                      111111111
4                      111111111
4                      112222111
4                              1
4                              1
111  111111                    1
111  111111                    1
111  111111                    1
111  111111                    1
111  111111                    1
111  111111  111111  111111    1
4            111111  111111    1
4            111111  111111    1
4            111111  111111    1
4            111111  111111    1
4                              1
4                              1
4                              1
13333333333333333333333333333331